 Xe Density=3.64
 Energy(eV), Delta, Beta
  30.  0.116490535  0.042193234
  30.2115593  0.114327066  0.0406869166
  30.4246082  0.112189651  0.0392344482
  30.6391602  0.110086612  0.0378338434
  30.8552246  0.108016096  0.0364831053
  31.0728111  0.105977863  0.035180483
  31.291935  0.103974551  0.0339244194
  31.5126057  0.10200353  0.0327133909
  31.734827  0.10006734  0.0315456502
  31.9586201  0.0982514322  0.0303785596
  32.1839867  0.0964718834  0.0292523317
  32.4109497  0.0946627781  0.0280713309
  32.6395073  0.0928549692  0.0268905461
  32.8696785  0.0910374448  0.0257594585
  33.1014748  0.0891846418  0.0246759951
  33.3348999  0.0873616785  0.0236381013
  33.5699768  0.085532479  0.0226437729
  33.8067093  0.0837373286  0.0216912758
  34.0451126  0.0819471627  0.0207787864
  34.2851944  0.0801841542  0.0199047215
  34.5269699  0.0784383938  0.0190674383
  34.7704506  0.07671161  0.0182654075
  35.0156517  0.0750109702  0.0174970813
  35.2625809  0.0733222812  0.0167610738
  35.5112457  0.0716661364  0.0160560291
  35.761673  0.0700166523  0.0153806247
  36.0138588  0.0683982447  0.0147336368
  36.2678261  0.0667741671  0.0141138844
  36.5235825  0.0651646405  0.013520211
  36.7811432  0.0635816008  0.0129774977
  37.0405197  0.0620218292  0.0124950055
  37.3017273  0.0604952425  0.012032195
  37.5647774  0.0590152405  0.0115999989
  37.8296776  0.0575648285  0.0111833485
  38.0964508  0.0561406575  0.0107816812
  38.3651047  0.0547444895  0.0103944549
  38.6356544  0.0533517934  0.0100211129
  38.9081116  0.0519670323  0.00966116041
  39.1824837  0.0506080016  0.00933304988
  39.4587975  0.0492696427  0.00906801037
  39.7370605  0.0479587652  0.0088104941
  40.0172768  0.0467082039  0.00858633034
  40.2994804  0.0454838835  0.0083684288
  40.5836678  0.0442920513  0.00815606955
  40.8698578  0.0431278497  0.00794910453
  41.1580734  0.0419863313  0.00774737075
  41.4483147  0.040866714  0.00755074527
  41.7406044  0.0397680067  0.00735940132
  42.0349579  0.0386775099  0.00717484578
  42.3313828  0.0376097113  0.00699491939
  42.6298981  0.03656267  0.00683870493
  42.9305229  0.0355372503  0.00668943441
  43.2332649  0.0345315076  0.0065434128
  43.5381432  0.0335455127  0.00640057074
  43.8451691  0.0325774401  0.00626084674
  44.1543655  0.0316224694  0.0061241691
  44.4657364  0.0306878351  0.00599047774
  44.7793045  0.0297584422  0.00585971633
  45.0950851  0.0288489368  0.00573180849
  45.4130936  0.0279367454  0.00560670067
  45.7333412  0.0270355102  0.00548432907
  46.055851  0.0261474885  0.00537632499
  46.3806305  0.025270449  0.00528578879
  46.7077026  0.0244117212  0.0051971972
  47.0370789  0.0235658288  0.00511251949
  47.368782  0.0227387883  0.00502922153
  47.7028275  0.0219153184  0.00494727911
  48.0392227  0.0211080778  0.00486667408
  48.3779869  0.0202969462  0.00478877267
  48.7191467  0.0194884408  0.00471311156
  49.0627098  0.0186938103  0.004646827
  49.4086952  0.0179064218  0.00460075028
  49.757122  0.0171372145  0.00455512945
  50.1080055  0.0163739081  0.00450996077
  50.4613647  0.0156285688  0.00446523959
  50.817215  0.0148816053  0.00442096312
  51.1755714  0.0141454311  0.00437712483
  51.5364571  0.0134118833  0.00433712825
  51.8998909  0.0126776304  0.00430169841
  52.2658844  0.011956837  0.00426797848
  52.6344566  0.0112311356  0.00424178876
  53.0056305  0.0105233593  0.00421575969
  53.3794212  0.00980602019  0.00418989686
  53.7558479  0.00910298061  0.00416419329
  54.1349335  0.00839268044  0.0041386378
  54.5166893  0.00768373767  0.00411323272
  54.9011345  0.00697701052  0.00408974942
  55.2882919  0.00625404902  0.00407025591
  55.6781807  0.00554836076  0.00405103341
  56.070816  0.00481075747  0.00403776532
  56.4662247  0.00409266073  0.00402454007
  56.8644218  0.00334647554  0.00401135674
  57.2654228  0.00260449969  0.00399821764
  57.6692581  0.00184437062  0.00398512045
  58.0759354  0.0010612245  0.00397206564
  58.4854813  0.000275294675  0.0039590518
  58.8979149 -0.000598270737  0.00394606963
  59.3132629 -0.00144750648  0.00393312937
  59.7315331 -0.00240305229  0.00396782905
  60.1527557 -0.00334645552  0.00400841422
  60.5769463 -0.00438690325  0.00406087842
  61.0041351 -0.00547478115  0.00412137946
  61.4343224 -0.0067349989  0.00422223331
  61.8675537 -0.00836727396  0.00440891273
  62.3038406 -0.0099614514  0.00464045955
  62.743206 -0.0116863046  0.00574178807
  63.1856613 -0.0133609539  0.0071043889
  63.6312447 -0.0148277683  0.00879037939
  64.0799637 -0.0162025206  0.0108764973
  64.5318527 -0.0161581226  0.0134577369
  64.9869308 -0.0146408146  0.0166516304
  65.4452057 -0.0129848551  0.019698048
  65.906723 -0.0106573226  0.0194009729
  66.3714905 -0.00839222781  0.0191083793
  66.8395386 -0.00769529259  0.0177789275
  67.3108826 -0.00715667382  0.0164531898
  67.785553 -0.00730408356  0.0152263772
  68.2635727 -0.00783467013  0.0140910773
  68.744957 -0.00873547979  0.0132517703
  69.229744 -0.0103264414  0.0128451074
  69.7179489 -0.011860285  0.0125177242
  70.2095947 -0.0131899798  0.0131953657
  70.7047043 -0.0144802509  0.0139096929
  71.2033081 -0.0153845083  0.0146626951
  71.7054291 -0.0161644276  0.0154564651
  72.2110901 -0.0168767497  0.0162931625
  72.720314 -0.0175233744  0.0171751063
  73.2331314 -0.0181310978  0.0181048028
  73.7495651 -0.0186548829  0.0190848801
  74.2696457 -0.019160565  0.0201181006
  74.7933884 -0.0195162501  0.0212070197
  75.3208313 -0.0198486131  0.0223548673
  75.8519821 -0.020000631  0.0234901588
  76.3868866 -0.0200547632  0.0246404894
  76.92556 -0.0200733263  0.0257775113
  77.4680328 -0.0200355444  0.0268403087
  78.014328 -0.0199756622  0.0279469229
  78.564476 -0.0196984317  0.0290991291
  79.118515 -0.0194250457  0.0302988347
  79.6764526 -0.0190415457  0.0312804915
  80.2383194 -0.0186364967  0.0322243273
  80.8041534 -0.0182350334  0.0331608579
  81.3739777 -0.0178374108  0.0340899117
  81.9478226 -0.017422799  0.0350449719
  82.5257111 -0.016935898  0.0360267572
  83.1076736 -0.0164591949  0.0370360538
  83.6937408 -0.0155527992  0.0379973203
  84.2839508 -0.014644756  0.0389792435
  84.8783112 -0.0137369921  0.0396862365
  85.4768677 -0.0128407059  0.0402528085
  86.0796432 -0.0119975768  0.0408273824
  86.6866608 -0.0112246741  0.0414100364
  87.2979736 -0.010460915  0.042001158
  87.9135895 -0.00962582603  0.0426006392
  88.5335541 -0.00881200749  0.0432086587
  89.1578827 -0.00774116023  0.0438254289
  89.7866211 -0.0066363276  0.0444510058
  90.4197845 -0.00550013408  0.0448786356
  91.0574188 -0.00434168382  0.0451273248
  91.6995468 -0.00322270137  0.0453628786
  92.3462067 -0.00215855218  0.0455556065
  92.9974213 -0.00112347805  0.0457491502
  93.6532364 -1.38051319E-05  0.0459435172
  94.3136673  0.00106876378  0.0461387411
  94.9787598  0.00235574786  0.0462220237
  95.6485367  0.00371443084  0.0462529138
  96.3230438  0.00501312735  0.0461313725
  97.0023117  0.00624273578  0.0457818545
  97.6863632  0.00742104929  0.0454350039
  98.3752365  0.00844444614  0.0450907126
  99.0689697  0.00943783112  0.0447490327
  99.7675934  0.0104466239  0.0444099903
  100.471153  0.0114343176  0.044073537
  101.179672  0.0124973217  0.0436768942
  101.893181  0.0136132212  0.0432328321
  102.611717  0.0146822743  0.042729307
  103.335327  0.0156827588  0.0420577861
  104.064041  0.0166524574  0.0413968228
  104.79789  0.0175142456  0.0407462306
  105.536919  0.0183473509  0.0401058495
  106.281158  0.0192523152  0.0394755565
  107.030647  0.0201701727  0.0388551578
  107.785416  0.0210519079  0.0380995497
  108.545509  0.0218957402  0.0371597745
  109.310959  0.0226954836  0.036236465
  110.08181  0.0233627744  0.0352932252
  110.858101  0.0240070205  0.0343745314
  111.639862  0.024811428  0.0334798247
  112.427139  0.0256204847  0.0326084197
  113.219971  0.0263060704  0.0314321108
  114.018387  0.0268951077  0.0300589949
  114.822433  0.027365407  0.0287434366
  115.632156  0.0275750179  0.0274796113
  116.447586  0.0277734529  0.0262713581
  117.268761  0.0278420672  0.0251158159
  118.095734  0.0279033221  0.0240110531
  118.928535  0.0279405862  0.0229550507
  119.767204  0.0279648229  0.0219455454
  120.611786  0.0280061271  0.0209325515
  121.462341  0.0280708075  0.0199066009
  122.318886  0.0280945357  0.0188861378
  123.181458  0.0279240943  0.0176788215
  124.050133  0.0277529322  0.0165486783
  124.924919  0.0274172071  0.0154910861
  125.805885  0.0270606782  0.0145011246
  126.693047  0.0266559087  0.0135741401
  127.586487  0.0262198839  0.0127062127
  128.486206  0.025773257  0.0118938787
  129.392273  0.0252936464  0.0111336792
  130.304749  0.024821775  0.0104220659
  131.223648  0.0243231989  0.00975605194
  132.149033  0.0238337014  0.00913259853
  133.080933  0.0233346019  0.00854880176
  134.019409  0.022838138  0.00800226349
  134.964508  0.0223442316  0.00749070384
  135.91626  0.0218515433  0.00701189693
  136.874725  0.0213662144  0.00656368537
  137.839966  0.0208801311  0.00614406774
  138.811996  0.0204034839  0.00575131876
  139.790878  0.0199331809  0.00538821844
  140.776672  0.0194716584  0.00504860142
  141.769424  0.0190188345  0.00473078992
  142.76918  0.018574683  0.0044332589
  143.77597  0.0181397032  0.0041544172
  144.789856  0.0177142527  0.00389306713
  145.810913  0.0172971804  0.00364815816
  146.839157  0.0168894604  0.00341868727
  147.874664  0.0164897479  0.00320365024
  148.917465  0.0160999633  0.00300212763
  149.967621  0.0157185197  0.00281327777
  151.025177  0.0153466547  0.00263584126
  152.090195  0.0149844289  0.00246909703
  153.16272  0.0146290511  0.00231162808
  154.242813  0.0142794866  0.00215895195
  155.330521  0.0139368288  0.00201635924
  156.425888  0.0135977529  0.00188314845
  157.528992  0.013265077  0.00175873388
  158.639877  0.012935861  0.00164648518
  159.758591  0.0126113119  0.00154369336
  160.885193  0.0122955125  0.00145145261
  162.019745  0.0119903972  0.00137247646
  163.162292  0.011691764  0.00129779859
  164.312897  0.0114056617  0.00122720574
  165.471619  0.0111252666  0.00116045284
  166.638519  0.0108451797  0.00110083504
  167.813644  0.0105691766  0.00104529248
  168.997055  0.0103043066  0.00100347947
  170.188797  0.0100505808  0.000974603405
  171.388962  0.00980412681  0.000946559012
  172.59758  0.00957117043  0.000919325685
  173.814728  0.00934280641  0.000892875891
  175.040451  0.00911652949  0.000871763332
  176.274826  0.00889453571  0.000851550372
  177.517883  0.0086825937  0.000840623106
  178.76973  0.00847801846  0.000834871607
  180.030411  0.00828118902  0.000829159049
  181.299957  0.00809498038  0.000823485549
  182.578476  0.00791267492  0.000818006869
  183.866013  0.00773819722  0.000814689498
  185.162613  0.007567049  0.000811385689
  186.468369  0.00740267616  0.000808557612
  187.783325  0.00724236201  0.000805865333
  189.107559  0.00708582299  0.000803184463
  190.441132  0.00693296781  0.000800515059
  191.784103  0.00678318134  0.000798863068
  193.136566  0.0066368538  0.000800812617
  194.498535  0.00649329694  0.000802766357
  195.870117  0.00635659136  0.000807949458
  197.251389  0.00622271793  0.000813390769
  198.64238  0.00609443802  0.000818867586
  200.043198  0.0059701507  0.000824380491
  201.453888  0.00584918866  0.000829930417
  202.874527  0.00573219592  0.000835517305
  204.305176  0.00561753567  0.000841152098
  205.745911  0.00550713018  0.000846935669
  207.196823  0.00539871212  0.000852758822
  208.657959  0.00529405754  0.000858688785
  210.129395  0.00519171311  0.000864676607
  211.611206  0.00509227114  0.000870700867
  213.103485  0.00499557657  0.000876762148
  214.606262  0.004901045  0.000882867374
  216.119659  0.0048096315  0.000889020041
  217.643707  0.00471981615  0.000895215722
  219.178513  0.0046337191  0.000901455292
  220.724152  0.00454921043  0.000907738344
  222.28067  0.0044673048  0.000913520227
  223.848175  0.00438735588  0.000919068349
  225.426743  0.00430925889  0.00092462782
  227.016434  0.00423326064  0.000930181879
  228.61734  0.00415871013  0.000935769058
  230.229523  0.00408684276  0.000941389124
  231.853073  0.00401617074  0.000947043183
  233.488083  0.00394806312  0.000952730014
  235.134628  0.00388137437  0.000958450662
  236.792786  0.00381677086  0.000964208331
  238.462616  0.00375406072  0.000970002729
  240.144257  0.0036932854  0.000975829898
  241.837723  0.0036361753  0.000981686753
  243.543152  0.00357993878  0.000987578649
  245.26059  0.00352698518  0.000990589731
  246.990143  0.00347488653  0.000993518741
  248.731903  0.00342340907  0.000994861824
  250.485931  0.00337262684  0.000995478476
  252.252335  0.00332269398  0.000996093266
  254.031204  0.00327364332  0.00099670596
  255.822601  0.00322542596  0.000997319235
  257.626648  0.00317872572  0.000997935422
  259.44342  0.00313270022  0.00099855219
  261.27298  0.00308834808  0.000999168493
  263.115479  0.0030448169  0.000999786076
  264.970917  0.00300372485  0.0010004018
  266.839478  0.00296463724  0.00100101833
  268.721222  0.00292662531  0.00100073125
  270.616211  0.00289061386  0.00099800725
  272.524567  0.00285503757  0.000995290815
  274.446411  0.00281882053  0.000989788095
  276.381775  0.00278304517  0.000984280137
  278.33078  0.00274724746  0.000978801865
  280.293549  0.00271171075  0.00097335357
  282.270172  0.0026766893  0.000967936125
  284.260712  0.00264219684  0.000962549879
  286.265289  0.0026082173  0.000957193377
  288.284027  0.00257510995  0.000951865688
  290.316986  0.00254241913  0.000946567685
  292.364258  0.00251094112  0.000941300532
  294.425995  0.00247998117  0.000936062948
  296.502258  0.0024508955  0.000930853828
  298.59317  0.00242324942  0.000925673347
  300.698822  0.00239592511  0.000919038197
  302.819336  0.00236895937  0.000908809772
  304.954773  0.00234227139  0.000898692466
  307.105286  0.00231410423  0.000888101524
  309.270966  0.00228626654  0.000877635379
  311.451935  0.00225795782  0.000867293158
  313.648285  0.00222968962  0.000857073464
  315.860107  0.0022015539  0.000846973737
  318.087524  0.00217349455  0.000836992578
  320.330658  0.00214573648  0.000827129115
  322.589569  0.00211804407  0.000817382301
  324.864471  0.00209070579  0.000807750155
  327.155365  0.00206349627  0.000798231864
  329.462433  0.00203660689  0.000788825797
  331.785797  0.00200995291  0.000779530208
  334.125549  0.00198356784  0.0007703437
  336.48175  0.00195748359  0.000761265925
  338.854584  0.00193164055  0.000752295542
  341.244171  0.00190613465  0.000743430573
  343.650604  0.00188085134  0.000734669855
  346.074005  0.00185590272  0.000726012513
  348.514465  0.00183122011  0.000717456976
  350.972198  0.0018068417  0.000709001673
  353.447205  0.00178276387  0.000700646779
  355.939697  0.00175897777  0.000692390488
  358.449738  0.00173550728  0.000684231578
  360.977509  0.00171234261  0.000676168886
  363.523102  0.00168948644  0.000668201013
  366.086639  0.00166698836  0.000660326798
  368.668243  0.00164479588  0.000652545423
  371.268066  0.0016231261  0.000644855609
  373.8862  0.00160188728  0.000637256424
  376.522797  0.00158090726  0.000629416551
  379.178009  0.00156016229  0.000620986335
  381.851959  0.00153966795  0.000612660369
  384.544739  0.00151893706  0.000604228466
  387.2565  0.0014984851  0.000595912512
  389.987427  0.00147798238  0.000587710936
  392.737579  0.00145765638  0.000579622283
  395.507141  0.0014374865  0.000571644749
  398.296234  0.0014174598  0.000563777168
  401.10498  0.00139766897  0.000556017796
  403.933533  0.00137797149  0.000548365642
  406.782043  0.00135855144  0.000540818553
  409.650635  0.00133922021  0.000533375191
  412.539459  0.00132014486  0.000526034157
  415.448669  0.00130122842  0.000518794055
  418.378357  0.00128251559  0.000511653721
  421.328705  0.00126401579  0.000504611875
  424.299927  0.00124567468  0.000497667177
  427.292023  0.00122759223  0.000490818173
  430.305267  0.00120964285  0.00048406265
  433.339752  0.00119195564  0.000477400259
  436.395599  0.00117444468  0.000470829749
  439.473022  0.00115716655  0.000464349636
  442.572174  0.00114019355  0.000457958813
  445.693146  0.00112352218  0.000451656146
  448.836121  0.00110717735  0.000445382408
  452.001312  0.00109138479  0.000438976218
  455.188782  0.00107581774  0.000432662346
  458.398743  0.00105990772  0.000425096601
  461.631317  0.00104418618  0.0004175535
  464.886719  0.00102806848  0.000410144276
  468.16507  0.00101184822  0.00040286663
  471.466522  0.00099565438  0.000395718089
  474.79126  0.000979312463  0.00038869647
  478.139435  0.000963191269  0.000381799327
  481.511261  0.000946808897  0.00037502445
  484.90683  0.00093069626  0.000368369918
  488.326385  0.000914420001  0.000361833489
  491.769958  0.000898304686  0.000355413271
  495.237915  0.000882181223  0.000349106558
  498.730316  0.000866064511  0.000342911662
  502.247314  0.000850098324  0.000336826779
  505.789093  0.000833972066  0.000330850278
  509.355865  0.000818130327  0.000324979745
  512.947815  0.000802004302  0.000319213403
  516.565063  0.000786133693  0.00031354939
  520.207825  0.000770127459  0.000307985698
  523.876282  0.000754197419  0.000302520697
  527.570679  0.000738300616  0.000297152554
  531.291016  0.000722269586  0.000291879755
  535.037659  0.000706464984  0.000286700437
  538.81073  0.000690197456  0.000281613145
  542.610352  0.000674246461  0.000276616134
  546.436768  0.000657925091  0.000271823781
  550.290222  0.000641767343  0.000267141644
  554.170837  0.000625489047  0.000262575457
  558.078796  0.000609142822  0.000258118904
  562.014282  0.000592885364  0.000253737962
  565.977661  0.000576198043  0.000249431148
  569.968811  0.000559861306  0.000245197531
  573.98822  0.000542714784  0.000241035887
  578.03595  0.000525887357  0.000236944805
  582.112183  0.000508447178  0.000232923296
  586.217163  0.000490925799  0.000228970035
  590.351135  0.000473119027  0.000225083801
  594.514282  0.000454674708  0.000221263384
  598.706726  0.000436415692  0.000217497785
  602.928772  0.00041663149  0.00021371388
  607.180542  0.000397314579  0.000209995866
  611.462341  0.000375980308  0.000206213823
  615.774292  0.000354644464  0.000202473078
  620.116699  0.000331605668  0.000198800088
  624.489746  0.000307280367  0.000195193672
  628.893555  0.0002820339  0.00019165274
  633.328491  0.000253074162  0.000188176055
  637.794678  0.00022486785  0.000184762452
  642.292358  0.000188114413  0.000181410622
  646.821716  0.000152105305  0.000178119619
  651.383057  0.000104249688  0.000174888395
  655.976624  5.20598805E-05  0.000171715787
  660.602478 -2.09032914E-05  0.00016860076
  665.260986 -0.000123613601  0.000165542195
  669.952332 -0.000308760471  0.000162539101
  674.676819 -0.00107867736  0.000159590607
  679.43457 -0.000540279667  0.000991992303
  684.225891 -0.000193933549  0.000967811677
  689.051025 -2.69183874E-05  0.000944219995
  693.910095  8.37461484E-05  0.000921204919
  698.803528  0.000150999767  0.000898749393
  703.731445  0.000209906284  0.000876841543
  708.694092  0.00025038782  0.00085546734
  713.691711  0.000289698539  0.000834614097
  718.724609  0.00031707203  0.000814269355
  723.79303  0.0003435369  0.000794420484
  728.897156  0.000364668551  0.000775056309
  734.037292  0.000383304956  0.000756164256
  739.213684  0.000399544399  0.000737732393
  744.426514  0.000412849418  0.000719749019
  749.676147  0.000425270759  0.000702204066
  754.962769  0.000434678455  0.000685087347
  760.286743  0.000443740602  0.000668387744
  765.648193  0.000450403313  0.000652094604
  771.047485  0.000456459209  0.000636198733
  776.484863  0.000461163552  0.000620800245
  781.960571  0.000464851444  0.000605853566
  787.474854  0.000467962585  0.000591367134
  793.028137  0.000469979219  0.000577463361
  798.620483  0.000471839012  0.000563886773
  804.252258  0.000472523709  0.000550629629
  809.923828  0.000473097723  0.000537683605
  815.635376  0.000472834508  0.000525041949
  821.387085  0.000472214684  0.000512697618
  827.179443  0.000471097504  0.000500642869
  833.012695  0.000469393271  0.000488872058
  838.887024  0.000467491511  0.000477378082
  844.802795  0.000464752695  0.000466154423
  850.760254  0.000461999298  0.000455194793
  856.759766  0.000458311668  0.000444492558
  862.801575  0.000454508554  0.000434041984
  868.885986  0.000449911226  0.000423837017
  875.013245  0.000444804347  0.000413871894
  881.183777  0.000438849529  0.000404141349
  887.397827  0.000430988788  0.000394639996
  893.655701  0.000423220219  0.00038552261
  899.957642  0.000414053444  0.000382490456
  906.304077  0.00040506004  0.000379482255
  912.695251  0.000398495729  0.000378535944
  919.131531  0.0003928066  0.000378298166
  925.61322  0.000388664572  0.000378060533
  932.140503  0.000386260945  0.000377823133
  938.713928  0.000384199724  0.000377585762
  945.333679  0.000383738254  0.00037734909
  952.000061  0.00038321453  0.000377112185
  958.713501  0.000386518863  0.000375793868
  965.474304  0.000390114757  0.000374351512
  972.282715  0.000393512106  0.00036916614
  979.139221  0.000396724208  0.000361708808
  986.044006  0.000398621109  0.000354402349
  992.997437  0.000398052682  0.000347243709
  999.999939  0.000397401629  0.000340229657
